
Scanning bug grap 2021


Created Boychongzen aka Xroot



hub.grap.com
pay-prodwww.grap.com
skinshub.grap.com
uatconfluence-www.grap.com
hub-service.grap.com
net-share.grap.com
www-april.grap.com
testbed-business.grap.com
yahooadministrator.grap.com
cloudfront-share.grap.com
elasticbeanstalk-reviews-www.grap.com
yahooengineering.grap.com
prodwwwglobal.grap.com
test1www.grap.com
yahoo-auth.grap.com
prodwww-w.grap.com
9help.grap.com
yahoo-nginx.grap.com
q.grap.com
lax1-prodwww.grap.com
pantheonwww10.grap.com
help-region.grap.com
testbed-r.grap.com
www-vpn.grap.com
box-express.grap.com
reviews-wwwdemo.grap.com
promo-share.grap.com
express-ssl.grap.com
s3-yahoo.grap.com
demo-business.grap.com
germanyshare.grap.com
admin1-hub.grap.com
evelynnwww.grap.com
restrictedshare.grap.com
0.grap.com
qa-business.grap.com
wwwshare.grap.com
mon-reviews-www.grap.com
api-docsfinegift.grap.com
reviews-docs.grap.com
login-hub.grap.com
reviews-www-developer.grap.com
help-app.grap.com
yahoobucky.grap.com
pantheonwwwtr.grap.com
tur-help.grap.com
securityhelp.grap.com
n-yahoo.grap.com
reviews-www-machine.grap.com
confluence-wwwlan.grap.com
latinamerica-finegift.grap.com
yahooapi-docs.grap.com
billing-yahoo.grap.com
awshelp.grap.com
confluence-wwwtest1.grap.com
pantheonwww-mon.grap.com
confluence-www-t.grap.com
prodreviews-www.grap.com
cms-help.grap.com
internal-pantheonwww.grap.com
jenkins-r.grap.com
wwwh.grap.com
confluence-www-akamai.grap.com
demo-hub.grap.com
tpepantheonwww.grap.com
drophub.grap.com
confluence-wwwt.grap.com
b-confluence-www.grap.com
rtesting.grap.com
confluence-t.grap.com
hubghcpi.grap.com
reviews-wwwapi-docs.grap.com
com-help.grap.com
dec-express.grap.com
help-n.grap.com
confluence-www-ids.grap.com
edge-yahoo.grap.com
alt-reviews-www.grap.com
promohelp.grap.com
finegiftfirewall.grap.com
ms.grap.com
finegift-restricted.grap.com
finegiftx.grap.com
awsfinegift.grap.com
confluence-www-promo.grap.com
confluence-brand.grap.com
jenkins-express.grap.com
hubl.grap.com
v2-prodwww.grap.com
www-3.grap.com
web-help.grap.com
clientpantheonwww.grap.com
akalibusiness.grap.com
testing-www.grap.com
finegiftpromotion.grap.com
test-business.grap.com
gfinegift.grap.com
cloudfront-yahoo.grap.com
reviews-c.grap.com
brand-reviews-www.grap.com